Generate svg files for CodeGPTJava
Loading json activations from ../Experiments/activations_java/codeGPTJava_activations_train.json...
54804 13.0
Length of CodeGPTJava activations: 54804
The number of neurons for each token in CodeGPTJava: 9984
Total number of tokens:581365
hsic_matrix:
[[1.         0.60961777 0.56038038 0.51433363 0.5067003  0.49223615 0.4763416  0.46545316 0.45862838 0.45523683 0.45769719 0.46087637 0.72909255]
 [0.60961777 1.         0.84639363 0.74404714 0.7180192  0.70022245 0.6836897  0.67522601 0.67180934 0.67637072 0.69407524 0.71340516 0.41400645]
 [0.56038038 0.84639363 1.         0.97281276 0.96017837 0.95058025 0.940995   0.93634632 0.93374488 0.93498193 0.94035681 0.94193554 0.37075191]
 [0.51433363 0.74404714 0.97281276 1.         0.99804464 0.99505665 0.99111627 0.98862252 0.98683718 0.98634054 0.98584043 0.98032748 0.33625907]
 [0.5067003  0.7180192  0.96017837 0.99804464 1.         0.99889287 0.99638444 0.99443981 0.99288044 0.99186408 0.98986665 0.98293649 0.33150173]
 [0.49223615 0.70022245 0.95058025 0.99505665 0.99889287 1.         0.99887219 0.99750565 0.99624892 0.99518706 0.99268678 0.98544523 0.32073921]
 [0.4763416  0.6836897  0.940995   0.99111627 0.99638444 0.99887219 1.         0.99955882 0.99879573 0.99774749 0.99472502 0.98720158 0.30804909]
 [0.46545316 0.67522601 0.93634632 0.98862252 0.99443981 0.99750565 0.99955882 1.         0.99968569 0.99882843 0.99573804 0.98820406 0.29945604]
 [0.45862838 0.67180934 0.93374488 0.98683718 0.99288044 0.99624892 0.99879573 0.99968569 1.         0.99949327 0.99672914 0.98952556 0.29484674]
 [0.45523683 0.67637072 0.93498193 0.98634054 0.99186408 0.99518706 0.99774749 0.99882843 0.99949327 1.         0.99841948 0.99225741 0.29347153]
 [0.45769719 0.69407524 0.94035681 0.98584043 0.98986665 0.99268678 0.99472502 0.99573804 0.99672914 0.99841948 1.         0.99691334 0.299643  ]
 [0.46087637 0.71340516 0.94193554 0.98032748 0.98293649 0.98544523 0.98720158 0.98820406 0.98952556 0.99225741 0.99691334 1.         0.31098874]
 [0.72909255 0.41400645 0.37075191 0.33625907 0.33150173 0.32073921 0.30804909 0.29945604 0.29484674 0.29347153 0.299643   0.31098874 1.        ]]
-----------------------------------------------------------------
Generate svg files for CodeGPTPy
Loading json activations from ../Experiments/activations_java/codeGPTPy_activations_train.json...
54804 13.0
Length of CodeGPTPy activations: 54804
The number of neurons for each token in CodeGPTPy: 9984
Total number of tokens:581365
hsic_matrix:
[[1.         0.95064618 0.94932399 0.94658445 0.93797194 0.93308706 0.92756861 0.92606355 0.9250899  0.92352367 0.92328804 0.91909416 0.68267131]
 [0.95064618 1.         0.99280051 0.98728969 0.98152459 0.97755375 0.97653161 0.9764838  0.976429   0.97624265 0.97578446 0.97380193 0.64686687]
 [0.94932399 0.99280051 1.         0.99841004 0.99561685 0.99343275 0.99216455 0.99172698 0.99127182 0.99036128 0.98944259 0.98475593 0.61307575]
 [0.94658445 0.98728969 0.99841004 1.         0.99882667 0.99729584 0.99576839 0.99509537 0.99439468 0.99319882 0.99207048 0.9862439  0.59694111]
 [0.93797194 0.98152459 0.99561685 0.99882667 1.         0.9993981  0.99840326 0.99777669 0.99704305 0.99583366 0.99456598 0.98807058 0.57811865]
 [0.93308706 0.97755375 0.99343275 0.99729584 0.9993981  1.         0.99933741 0.99872247 0.9980097  0.99676448 0.99533077 0.98816594 0.56603506]
 [0.92756861 0.97653161 0.99216455 0.99576839 0.99840326 0.99933741 1.         0.99973258 0.99926746 0.99836858 0.99704696 0.99040987 0.5660722 ]
 [0.92606355 0.9764838  0.99172698 0.99509537 0.99777669 0.99872247 0.99973258 1.         0.99972929 0.99899522 0.9977555  0.99152276 0.57037247]
 [0.9250899  0.976429   0.99127182 0.99439468 0.99704305 0.9980097  0.99926746 0.99972929 1.         0.99952785 0.99840321 0.99266103 0.57567662]
 [0.92352367 0.97624265 0.99036128 0.99319882 0.99583366 0.99676448 0.99836858 0.99899522 0.99952785 1.         0.99929739 0.9945757  0.58378354]
 [0.92328804 0.97578446 0.98944259 0.99207048 0.99456598 0.99533077 0.99704696 0.9977555  0.99840321 0.99929739 1.         0.99697328 0.59528292]
 [0.91909416 0.97380193 0.98475593 0.9862439  0.98807058 0.98816594 0.99040987 0.99152276 0.99266103 0.9945757  0.99697328 1.         0.62745027]
 [0.68267131 0.64686687 0.61307575 0.59694111 0.57811865 0.56603506 0.5660722  0.57037247 0.57567662 0.58378354 0.59528292 0.62745027 1.        ]]