Generate svg files for BERT
Loading json activations from /work/LAS/jannesar-lab/arushi/Interpretability/interpretability-of-source-code-transformers/Clone-Detection/dataset/stratified/activations/bert/train_activations.json...
90032 13.0
Length of BERT activations: 90032
The number of neurons for each token in BERT: 9984
Total number of tokens:90032
hsic_matrix:
[[ 1.00000000e+00  9.60450796e-04  8.75003253e-04 -1.07278065e-03
   3.34537956e-04  8.67504459e-04 -1.33264089e-04 -4.94563145e-05
   1.94891806e-04  4.06516965e-05 -7.76212284e-05  5.10825397e-07
  -4.54279282e-05]
 [ 9.60452404e-04  1.00000000e+00  9.06985460e-01  8.91842919e-01
   7.41741926e-01  7.72643121e-01  6.96542747e-01  7.04804370e-01
   6.33108018e-01  5.77955581e-01  4.67003938e-01  4.10038400e-01
   3.88331763e-01]
 [ 8.75003095e-04  9.06985460e-01  1.00000000e+00  9.91070534e-01
   8.50924148e-01  8.87591819e-01  8.06133616e-01  7.98373849e-01
   7.14586478e-01  6.57677378e-01  5.49209922e-01  4.96879385e-01
   4.86988770e-01]
 [-1.07278073e-03  8.91842919e-01  9.91070534e-01  1.00000000e+00
   8.80749715e-01  9.08021950e-01  8.17902605e-01  8.07308922e-01
   7.15925353e-01  6.62556850e-01  5.61184865e-01  5.22037448e-01
   5.16270152e-01]
 [ 3.34537822e-04  7.41741926e-01  8.50924148e-01  8.80749715e-01
   1.00000000e+00  9.74903541e-01  8.37931523e-01  8.04665562e-01
   6.99414378e-01  6.68323723e-01  5.99790278e-01  5.97686024e-01
   6.38627181e-01]
 [ 8.67504945e-04  7.72643121e-01  8.87591819e-01  9.08021950e-01
   9.74903541e-01  1.00000000e+00  9.05473573e-01  8.68838254e-01
   7.69141101e-01  7.30987120e-01  6.46624761e-01  6.25518724e-01
   6.52067104e-01]
 [-1.33264019e-04  6.96542747e-01  8.06133616e-01  8.17902605e-01
   8.37931523e-01  9.05473573e-01  1.00000000e+00  9.73582522e-01
   9.27468813e-01  8.99513114e-01  7.85887075e-01  7.17651899e-01
   6.87056703e-01]
 [-4.94562730e-05  7.04804370e-01  7.98373849e-01  8.07308922e-01
   8.04665562e-01  8.68838254e-01  9.73582522e-01  1.00000000e+00
   9.70537743e-01  9.43558352e-01  8.26493695e-01  7.33429313e-01
   6.77268552e-01]
 [ 1.94891773e-04  6.33108018e-01  7.14586478e-01  7.15925353e-01
   6.99414378e-01  7.69141101e-01  9.27468813e-01  9.70537743e-01
   1.00000000e+00  9.83184094e-01  8.54898974e-01  7.21036957e-01
   6.32872718e-01]
 [ 4.06516910e-05  5.77955581e-01  6.57677378e-01  6.62556850e-01
   6.68323723e-01  7.30987120e-01  8.99513114e-01  9.43558352e-01
   9.83184094e-01  1.00000000e+00  9.10750078e-01  7.92277084e-01
   6.95400301e-01]
 [-7.76212479e-05  4.67003938e-01  5.49209922e-01  5.61184865e-01
   5.99790278e-01  6.46624761e-01  7.85887075e-01  8.26493695e-01
   8.54898974e-01  9.10750078e-01  1.00000000e+00  9.35380814e-01
   8.30833924e-01]
 [ 5.10825186e-07  4.10038400e-01  4.96879385e-01  5.22037448e-01
   5.97686024e-01  6.25518724e-01  7.17651899e-01  7.33429313e-01
   7.21036957e-01  7.92277084e-01  9.35380814e-01  1.00000000e+00
   9.39544715e-01]
 [-4.54279325e-05  3.88331763e-01  4.86988770e-01  5.16270152e-01
   6.38627181e-01  6.52067104e-01  6.87056703e-01  6.77268552e-01
   6.32872718e-01  6.95400301e-01  8.30833924e-01  9.39544715e-01
   1.00000000e+00]]
-----------------------------------------------------------------
Generate svg files for CodeBERT
Loading json activations from /work/LAS/jannesar-lab/arushi/Interpretability/interpretability-of-source-code-transformers/Clone-Detection/dataset/stratified/activations/codebert/train_activations.json...
90032 13.0
Length of CodeBERT activations: 90032
The number of neurons for each token in CodeBERT: 9984
Total number of tokens:90032
hsic_matrix:
[[ 1.00000000e+00  5.42069343e-01  1.66170428e-02 -8.12277809e-02
  -4.71451993e-02  1.08786907e-01  4.57208679e-02 -6.88298923e-02
  -5.13056985e-02 -4.13053826e-05 -2.18324397e-05 -2.11662131e-06
  -8.24713350e-07]
 [ 5.42069034e-01  1.00000000e+00 -2.68376946e+00  2.26511342e+00
   2.63295515e+00  8.11723677e-01  8.22900358e-01  1.25406057e+00
   3.58876534e-01  3.00919039e-01  3.19036484e-01  2.77979546e-01
   2.82588112e-01]
 [ 1.66168781e-02 -2.68376940e+00  1.00000000e+00  1.23301855e+00
   1.29161995e-01  2.97053823e-01  2.31415005e-01 -4.57243255e-01
   1.83383737e-02  4.26607596e-02  4.56605223e-02  4.03189107e-02
   4.04254533e-02]
 [-8.12277306e-02  2.26511357e+00  1.23301857e+00  1.00000000e+00
   5.77454590e-01  1.19436621e+00  5.16932434e-01  1.69663705e-01
   6.61220635e-02  1.18641494e-01  1.31428286e-01  1.14952699e-01
   1.14604822e-01]
 [-4.71452007e-02  2.63295517e+00  1.29161989e-01  5.77454596e-01
   1.00000000e+00  7.91209356e-01  5.81591907e-01  2.22522041e-01
   1.65936423e-01  1.20246455e-01  1.29116898e-01  1.12233249e-01
   1.11768475e-01]
 [ 1.08786922e-01  8.11723661e-01  2.97053813e-01  1.19436623e+00
   7.91209356e-01  1.00000000e+00  6.75479339e-01  7.09207676e-01
   3.50185715e-01  3.64596649e-01  4.72046800e-01  4.17010820e-01
   4.11652488e-01]
 [ 4.57208931e-02  8.22900356e-01  2.31415015e-01  5.16932437e-01
   5.81591910e-01  6.75479341e-01  1.00000000e+00  7.87816024e-01
   4.28910482e-01  4.35227524e-01  4.48568646e-01  3.86740632e-01
   4.04362482e-01]
 [-6.88299337e-02  1.25406058e+00 -4.57243251e-01  1.69663709e-01
   2.22522038e-01  7.09207675e-01  7.87816024e-01  1.00000000e+00
   7.45034916e-01  7.06883704e-01  6.96095521e-01  5.90941466e-01
   6.01816176e-01]
 [-5.13056990e-02  3.58876534e-01  1.83383759e-02  6.61220653e-02
   1.65936422e-01  3.50185716e-01  4.28910482e-01  7.45034916e-01
   1.00000000e+00  8.81161101e-01  7.91402713e-01  7.07040521e-01
   6.58701456e-01]
 [-4.13053037e-05  3.00919039e-01  4.26607596e-02  1.18641494e-01
   1.20246455e-01  3.64596649e-01  4.35227524e-01  7.06883704e-01
   8.81161101e-01  1.00000000e+00  9.38774781e-01  8.35504627e-01
   7.73392412e-01]
 [-2.18324042e-05  3.19036484e-01  4.56605223e-02  1.31428286e-01
   1.29116898e-01  4.72046800e-01  4.48568646e-01  6.96095521e-01
   7.91402713e-01  9.38774781e-01  1.00000000e+00  9.40454970e-01
   8.63927403e-01]
 [-2.11662044e-06  2.77979546e-01  4.03189107e-02  1.14952699e-01
   1.12233249e-01  4.17010820e-01  3.86740632e-01  5.90941466e-01
   7.07040521e-01  8.35504627e-01  9.40454970e-01  1.00000000e+00
   9.36099264e-01]
 [-8.24718249e-07  2.82588112e-01  4.04254533e-02  1.14604822e-01
   1.11768475e-01  4.11652488e-01  4.04362482e-01  6.01816176e-01
   6.58701456e-01  7.73392412e-01  8.63927403e-01  9.36099264e-01
   1.00000000e+00]]
-----------------------------------------------------------------
Generate svg files for GraphCodeBERT
Loading json activations from /work/LAS/jannesar-lab/arushi/Interpretability/interpretability-of-source-code-transformers/Clone-Detection/dataset/stratified/activations/graphcodebert/train_activations.json...
90032 13.0
Length of GraphCodeBERT activations: 90032
The number of neurons for each token in GraphCodeBERT: 9984
Total number of tokens:90032
hsic_matrix:
[[ 1.00000000e+00  1.22241455e-06 -4.62150594e-07  5.87378067e-07
   4.51307846e-07  1.35548058e-07  2.34297510e-07  2.89926950e-07
   1.68519222e-07 -1.58484951e-07 -5.69948370e-07 -4.24712752e-07
  -4.80213561e-07]
 [ 1.22241456e-06  1.00000000e+00  7.66812739e-01  6.60358454e-01
   6.71414265e-01  6.27423019e-01  6.28908423e-01  6.54309121e-01
   6.09469117e-01  4.07144982e-01  3.09881809e-01  2.62309261e-01
   2.46616995e-01]
 [-4.62150590e-07  7.66812739e-01  1.00000000e+00  7.13440130e-01
   7.12939395e-01  6.60496861e-01  6.59985486e-01  6.55036880e-01
   5.68616911e-01  3.98233234e-01  3.31786720e-01  2.87164290e-01
   2.70003078e-01]
 [ 5.87378070e-07  6.60358454e-01  7.13440130e-01  1.00000000e+00
   7.91536531e-01  6.95677529e-01  6.88948685e-01  6.31191181e-01
   5.67894157e-01  4.38972116e-01  3.73332426e-01  3.29913250e-01
   3.17669525e-01]
 [ 4.51307851e-07  6.71414265e-01  7.12939395e-01  7.91536531e-01
   1.00000000e+00  8.51842589e-01  8.20002346e-01  7.55886549e-01
   6.58871017e-01  5.70832332e-01  5.45947918e-01  5.17821626e-01
   4.88964389e-01]
 [ 1.35548063e-07  6.27423019e-01  6.60496861e-01  6.95677529e-01
   8.51842589e-01  1.00000000e+00  9.15959680e-01  8.16771952e-01
   6.98016348e-01  6.03639752e-01  6.02811347e-01  5.70076719e-01
   5.36698439e-01]
 [ 2.34297517e-07  6.28908423e-01  6.59985486e-01  6.88948685e-01
   8.20002346e-01  9.15959680e-01  1.00000000e+00  8.46008652e-01
   7.21108744e-01  6.09981584e-01  6.02756998e-01  5.56379967e-01
   5.20680380e-01]
 [ 2.89926949e-07  6.54309121e-01  6.55036880e-01  6.31191181e-01
   7.55886549e-01  8.16771952e-01  8.46008652e-01  1.00000000e+00
   7.55161757e-01  5.83834359e-01  5.60579275e-01  5.19739399e-01
   4.78538019e-01]
 [ 1.68519220e-07  6.09469117e-01  5.68616911e-01  5.67894157e-01
   6.58871017e-01  6.98016348e-01  7.21108744e-01  7.55161757e-01
   1.00000000e+00  7.93645045e-01  7.05614546e-01  6.07095565e-01
   5.80713671e-01]
 [-1.58484947e-07  4.07144982e-01  3.98233234e-01  4.38972116e-01
   5.70832332e-01  6.03639752e-01  6.09981584e-01  5.83834359e-01
   7.93645045e-01  1.00000000e+00  8.69984902e-01  7.34890099e-01
   7.21499672e-01]
 [-5.69948368e-07  3.09881809e-01  3.31786720e-01  3.73332426e-01
   5.45947918e-01  6.02811347e-01  6.02756998e-01  5.60579275e-01
   7.05614546e-01  8.69984902e-01  1.00000000e+00  9.02510018e-01
   8.56548549e-01]
 [-4.24712753e-07  2.62309261e-01  2.87164290e-01  3.29913250e-01
   5.17821626e-01  5.70076719e-01  5.56379967e-01  5.19739399e-01
   6.07095565e-01  7.34890099e-01  9.02510018e-01  1.00000000e+00
   9.32412175e-01]
 [-4.80213559e-07  2.46616995e-01  2.70003078e-01  3.17669525e-01
   4.88964389e-01  5.36698439e-01  5.20680380e-01  4.78538019e-01
   5.80713671e-01  7.21499672e-01  8.56548549e-01  9.32412175e-01
   1.00000000e+00]]
-----------------------------------------------------------------
Generate svg files for CodeGPTJava
Loading json activations from /work/LAS/jannesar-lab/arushi/Interpretability/interpretability-of-source-code-transformers/Clone-Detection/dataset/stratified/activations/codegpt/java-original/train_activations.json...
90032 13.0
Length of CodeGPTJava activations: 90032
The number of neurons for each token in CodeGPTJava: 9984
Total number of tokens:90032
hsic_matrix:
[[1.         0.84616993 0.85729254 0.82125225 0.59535653 0.39768941
  0.27229008 0.16494374 0.08824015 0.05255258 0.03753984 0.03112253
  0.02776928]
 [0.84616993 1.         0.97822977 0.94817138 0.70171968 0.46679322
  0.32447166 0.20323169 0.10867967 0.06502427 0.04632992 0.03834834
  0.03948147]
 [0.85729254 0.97822977 1.         0.97106941 0.72641102 0.48967765
  0.34483829 0.21935652 0.12393617 0.08064139 0.0620021  0.05372845
  0.05425039]
 [0.82125225 0.94817138 0.97106941 1.         0.79269965 0.55674128
  0.41210548 0.28913872 0.18821375 0.14402709 0.12601115 0.11603126
  0.11634876]
 [0.59535653 0.70171968 0.72641102 0.79269965 1.         0.92052541
  0.83282832 0.74055354 0.65056152 0.60947772 0.5801507  0.56821517
  0.53176453]
 [0.39768941 0.46679322 0.48967765 0.55674128 0.92052541 1.
  0.97401233 0.91314978 0.85803807 0.81980242 0.77932029 0.76278955
  0.69882759]
 [0.27229008 0.32447166 0.34483829 0.41210548 0.83282832 0.97401233
  1.         0.96625579 0.92988858 0.89355861 0.85001005 0.82965178
  0.75361307]
 [0.16494374 0.20323169 0.21935652 0.28913872 0.74055354 0.91314978
  0.96625579 1.         0.97735594 0.94896818 0.91199442 0.88955664
  0.80297997]
 [0.08824015 0.10867967 0.12393617 0.18821375 0.65056152 0.85803807
  0.92988858 0.97735594 1.         0.98718327 0.95268043 0.93349344
  0.84869172]
 [0.05255258 0.06502427 0.08064139 0.14402709 0.60947772 0.81980242
  0.89355861 0.94896818 0.98718327 1.         0.98442799 0.97194825
  0.90175433]
 [0.03753984 0.04632992 0.0620021  0.12601115 0.5801507  0.77932029
  0.85001005 0.91199442 0.95268043 0.98442799 1.         0.99466854
  0.94404032]
 [0.03112253 0.03834834 0.05372845 0.11603126 0.56821517 0.76278955
  0.82965178 0.88955664 0.93349344 0.97194825 0.99466854 1.
  0.96293775]
 [0.02776928 0.03948147 0.05425039 0.11634876 0.53176453 0.69882759
  0.75361307 0.80297997 0.84869172 0.90175433 0.94404032 0.96293775
  1.        ]]
-----------------------------------------------------------------
Generate svg files for CodeGPTPy
Loading json activations from /work/LAS/jannesar-lab/arushi/Interpretability/interpretability-of-source-code-transformers/Clone-Detection/dataset/stratified/activations/codegpt/python-original/train_activations.json...
90032 13.0
Length of CodeGPTPy activations: 90032
The number of neurons for each token in CodeGPTPy: 9984
Total number of tokens:90032
hsic_matrix:
[[1.         0.07014405 0.05344095 0.04649748 0.03701332 0.03577493
  0.03604901 0.03509643 0.03303692 0.03229364 0.0312864  0.03110521
  0.03333621]
 [0.07014405 1.         0.92709329 0.87527607 0.80168769 0.77204892
  0.71561618 0.67379436 0.6490406  0.61860766 0.59025299 0.57152002
  0.54107933]
 [0.05344095 0.92709329 1.         0.9838265  0.90853252 0.88108732
  0.81554683 0.76961014 0.75116832 0.72241086 0.68244779 0.65483939
  0.64095586]
 [0.04649748 0.87527607 0.9838265  1.         0.95483988 0.93478779
  0.87974013 0.84095879 0.82490551 0.80103622 0.76413885 0.73749111
  0.72541638]
 [0.03701332 0.80168769 0.90853252 0.95483988 1.         0.99534213
  0.97145305 0.94680419 0.92992441 0.91216161 0.889557   0.86729743
  0.84677556]
 [0.03577493 0.77204892 0.88108732 0.93478779 0.99534213 1.
  0.98616109 0.96752557 0.95333963 0.93688851 0.9165085  0.89704861
  0.86967958]
 [0.03604901 0.71561618 0.81554683 0.87974013 0.97145305 0.98616109
  1.         0.9944623  0.98392842 0.97038122 0.95568414 0.94148268
  0.90305175]
 [0.03509643 0.67379436 0.76961014 0.84095879 0.94680419 0.96752557
  0.9944623  1.         0.99521575 0.98649698 0.97532757 0.96404628
  0.92176091]
 [0.03303692 0.6490406  0.75116832 0.82490551 0.92992441 0.95333963
  0.98392842 0.99521575 1.         0.9953336  0.9818619  0.9694989
  0.93037836]
 [0.03229364 0.61860766 0.72241086 0.80103622 0.91216161 0.93688851
  0.97038122 0.98649698 0.9953336  1.         0.99270032 0.98231322
  0.95138673]
 [0.0312864  0.59025299 0.68244779 0.76413885 0.889557   0.9165085
  0.95568414 0.97532757 0.9818619  0.99270032 1.         0.99604125
  0.97060013]
 [0.03110521 0.57152002 0.65483939 0.73749111 0.86729743 0.89704861
  0.94148268 0.96404628 0.9694989  0.98231322 0.99604125 1.
  0.97130036]
 [0.03333621 0.54107933 0.64095586 0.72541638 0.84677556 0.86967958
  0.90305175 0.92176091 0.93037836 0.95138673 0.97060013 0.97130036
  1.        ]]
-----------------------------------------------------------------
Generate svg files for RoBERTa
Loading json activations from /work/LAS/jannesar-lab/arushi/Interpretability/interpretability-of-source-code-transformers/Clone-Detection/dataset/stratified/activations/roberta/train_activations.json...
90032 13.0
Length of RoBERTa activations: 90032
The number of neurons for each token in RoBERTa: 9984
Total number of tokens:90032
hsic_matrix:
[[ 1.00000000e+00 -1.30417481e-05 -4.67608905e-06  2.28693406e-07
   2.27619549e-05  9.27775843e-06 -5.73636557e-07 -1.61141807e-06
   3.72086911e-06 -5.16165385e-07 -1.46918898e-06 -4.77061311e-07
   2.35489617e-06]
 [-1.30417481e-05  1.00000000e+00  6.81316252e-01  4.39731163e-01
   2.87012920e-01  2.57638341e-01  1.90129617e-01  2.13097876e-01
   2.13381933e-01  2.12368726e-01  2.09662653e-01  2.06087367e-01
   2.03776412e-01]
 [-4.67608904e-06  6.81316252e-01  1.00000000e+00  8.21698030e-01
   5.45528416e-01  4.54569062e-01  3.09797665e-01  4.40493281e-01
   4.43561927e-01  4.42151723e-01  4.42831269e-01  4.15806503e-01
   4.00106647e-01]
 [ 2.28693404e-07  4.39731163e-01  8.21698030e-01  1.00000000e+00
   7.16987439e-01  5.46882616e-01  3.36796998e-01  5.26701318e-01
   5.32499176e-01  5.03448640e-01  5.02831267e-01  4.59028021e-01
   4.30518156e-01]
 [ 2.27619549e-05  2.87012920e-01  5.45528416e-01  7.16987439e-01
   1.00000000e+00  5.27471921e-01  3.03162072e-01  4.33048429e-01
   4.33151849e-01  4.06004342e-01  4.04154305e-01  3.74531514e-01
   3.48174696e-01]
 [ 9.27775843e-06  2.57638341e-01  4.54569062e-01  5.46882616e-01
   5.27471921e-01  1.00000000e+00  8.92925602e-01  7.15936708e-01
   6.98777069e-01  7.05455204e-01  6.74418938e-01  7.04404652e-01
   7.00987042e-01]
 [-5.73636556e-07  1.90129617e-01  3.09797665e-01  3.36796998e-01
   3.03162072e-01  8.92925602e-01  1.00000000e+00  6.67117758e-01
   6.38402674e-01  6.58247955e-01  6.20362564e-01  6.72931533e-01
   6.79416582e-01]
 [-1.61141807e-06  2.13097876e-01  4.40493281e-01  5.26701318e-01
   4.33048429e-01  7.15936708e-01  6.67117758e-01  1.00000000e+00
   9.59208577e-01  9.38414326e-01  9.08846904e-01  8.58211611e-01
   7.84474661e-01]
 [ 3.72086910e-06  2.13381933e-01  4.43561927e-01  5.32499176e-01
   4.33151849e-01  6.98777069e-01  6.38402674e-01  9.59208577e-01
   1.00000000e+00  9.70141152e-01  9.52606671e-01  9.00647412e-01
   8.34763299e-01]
 [-5.16165383e-07  2.12368726e-01  4.42151723e-01  5.03448640e-01
   4.06004342e-01  7.05455204e-01  6.58247955e-01  9.38414326e-01
   9.70141152e-01  1.00000000e+00  9.90974827e-01  9.58414944e-01
   9.09291510e-01]
 [-1.46918898e-06  2.09662653e-01  4.42831269e-01  5.02831267e-01
   4.04154305e-01  6.74418938e-01  6.20362564e-01  9.08846904e-01
   9.52606671e-01  9.90974827e-01  1.00000000e+00  9.70427467e-01
   9.26585211e-01]
 [-4.77061315e-07  2.06087367e-01  4.15806503e-01  4.59028021e-01
   3.74531514e-01  7.04404652e-01  6.72931533e-01  8.58211611e-01
   9.00647412e-01  9.58414944e-01  9.70427467e-01  1.00000000e+00
   9.75567168e-01]
 [ 2.35489617e-06  2.03776412e-01  4.00106647e-01  4.30518156e-01
   3.48174696e-01  7.00987042e-01  6.79416582e-01  7.84474661e-01
   8.34763299e-01  9.09291510e-01  9.26585211e-01  9.75567168e-01
   1.00000000e+00]]
-----------------------------------------------------------------
Generate svg files for UniXCoder
Loading json activations from /work/LAS/jannesar-lab/arushi/Interpretability/interpretability-of-source-code-transformers/Clone-Detection/dataset/stratified/activations/unixcoder/train_activations.json...
90032 13.0
Length of UniXCoder activations: 90032
The number of neurons for each token in UniXCoder: 9984
Total number of tokens:90032
hsic_matrix:
[[ 1.00000000e+00 -1.06073941e-06  1.36248873e-05 -1.49546169e-06
  -9.39223601e-06  5.90473359e-06  2.49132419e-05  9.46492907e-06
   1.58014294e-05 -6.39209652e-06 -1.61954269e-05 -8.98941679e-06
  -9.13235062e-06]
 [-1.06073939e-06  1.00000000e+00  4.25557183e-01  3.39949059e-01
   3.10336591e-01  2.65333598e-01  2.24808538e-01  7.19856994e-02
   1.70617213e-01  8.32486693e-02  3.77268731e-02  3.26449773e-02
   5.67789848e-02]
 [ 1.36248873e-05  4.25557183e-01  1.00000000e+00  7.69359626e-01
   7.11644440e-01  5.97833490e-01  4.71022309e-01  1.67537467e-01
   3.80145653e-01  1.72333708e-01  4.79465714e-02  6.58511061e-02
   1.38328259e-01]
 [-1.49546169e-06  3.39949059e-01  7.69359626e-01  1.00000000e+00
   7.64172492e-01  6.57320795e-01  6.08568537e-01  2.70905584e-01
   5.20453165e-01  2.86274318e-01  8.46084725e-02  1.34306264e-01
   3.15753851e-01]
 [-9.39223602e-06  3.10336591e-01  7.11644440e-01  7.64172492e-01
   1.00000000e+00  7.94052995e-01  6.80993926e-01  4.08131239e-01
   5.63416021e-01  3.37771545e-01  1.28222646e-01  1.65504838e-01
   3.55939782e-01]
 [ 5.90473359e-06  2.65333598e-01  5.97833490e-01  6.57320795e-01
   7.94052995e-01  1.00000000e+00  7.62170134e-01  5.73635892e-01
   5.30944014e-01  2.57078514e-01  9.97971312e-02  1.29916983e-01
   3.56991000e-01]
 [ 2.49132419e-05  2.24808538e-01  4.71022309e-01  6.08568537e-01
   6.80993926e-01  7.62170134e-01  1.00000000e+00  6.55926581e-01
   6.96812881e-01  4.52675444e-01  2.36780155e-01  3.05455331e-01
   5.66890056e-01]
 [ 9.46492907e-06  7.19856994e-02  1.67537467e-01  2.70905584e-01
   4.08131239e-01  5.73635892e-01  6.55926581e-01  1.00000000e+00
   5.97491807e-01  3.07848308e-01  9.86318647e-02  1.62835546e-01
   4.46644457e-01]
 [ 1.58014294e-05  1.70617213e-01  3.80145653e-01  5.20453165e-01
   5.63416021e-01  5.30944014e-01  6.96812881e-01  5.97491807e-01
   1.00000000e+00  5.81337201e-01  1.63421283e-01  3.00751783e-01
   6.67120121e-01]
 [-6.39209653e-06  8.32486693e-02  1.72333708e-01  2.86274318e-01
   3.37771545e-01  2.57078514e-01  4.52675444e-01  3.07848308e-01
   5.81337201e-01  1.00000000e+00  8.08952489e-01  6.74774263e-01
   5.31801453e-01]
 [-1.61954269e-05  3.77268731e-02  4.79465714e-02  8.46084725e-02
   1.28222646e-01  9.97971312e-02  2.36780155e-01  9.86318647e-02
   1.63421283e-01  8.08952489e-01  1.00000000e+00  7.05372923e-01
   2.46355740e-01]
 [-8.98941679e-06  3.26449773e-02  6.58511061e-02  1.34306264e-01
   1.65504838e-01  1.29916983e-01  3.05455331e-01  1.62835546e-01
   3.00751783e-01  6.74774263e-01  7.05372923e-01  1.00000000e+00
   4.36554324e-01]
 [-9.13235062e-06  5.67789848e-02  1.38328259e-01  3.15753851e-01
   3.55939782e-01  3.56991000e-01  5.66890056e-01  4.46644457e-01
   6.67120121e-01  5.31801453e-01  2.46355740e-01  4.36554324e-01
   1.00000000e+00]]
-----------------------------------------------------------------